00000000000000000000000000000000
00                            00
00                            00
00 A>                         00
000000000   000000000000000   00
00                            00
00                            00
00                         <A 00
00   000000000000000   000000000
00                            00
00                            00
00 A>                         00
000000000   000000000000000   00
00                            00
00                            00
00                         <A 00
00   000000000000000   000000000
00                            00
00                            00
00                            00
000000000   000000000000000   00
00                            00
00                            00
00                            00
00000000000000000000000000000000
tileset:1
