0000000    0000000000    0000000
00                            00
00                            00
00                            00
00                            00
00                            00
00   000000000    000000000   00
00  00                    00  00
00  0          D>          0  00
00  0                      0  00
00  00     <D      D>     00  00
00  0                      0  00
00  0          <D          0  00
00  0                      0  00
00  00     <D      D>     00  00
00  0                      0  00
00  0          D>          0  00
00  00                    00  00
00   0000000000000000000000   00
00                            00
00                            00
00                            00
00                            00
00                            00
0000000    0000000000    0000000
tileset:17
