00000000000000000000000000000000
00         0        0         00
00         0        0         00
00         0  <  >  0         00
00  00000  0  0000  0  00000  00
00         0        0         00
00                            00
00 F>  0       00       0  <F 00
00000  0  000  00  000  0  00000
00     0       00       0     00
00                            00
00         0   F>   0         00
00  00000  0  0000  0  00000  00
00         0        0         00
00                            00
00     0       00       0     00
00000  0  000  00  000  0  00000
00     0       00       0     00
00                            00
00         0  <  >  0         00
00    000  0  0000  0  000    00
00         0        0         00
00         0        0         00
00         0        0         00
00000000000000000000000000000000
tileset:37
