00000000    00000000    00000000
00                            00
00                            00
00                            00
000  00  00  00  00  00  00  000
000  00  00  00  00  00  00  000
00                            00
00         D>  <D  <D         00
000  00  00  00  00  00  00  000
000  00  00  00  00  00  00  000
00                            00
00         D>  <D  D>         00
000  00  00  00  00  00  00  000
000  00  00  00  00  00  00  000
00                            00
00         <D  D>  D>         00
000  00  00  00  00  00  00  000
000  00  00  00  00  00  00  000
00                            00
00                            00
000  00  00  00  00  00  00  000
000  00  00  00  00  00  00  000
00                            00
00                            00
00000000    00000000    00000000
tileset:54
