00000000000000000000000000000000
00000000000000000000000000000000
00   000  00 00 0   00  0 0 0 00
00 00 0 00 0  0 00 00 000 0 0 00
00   00    0 0  00 00 0000000000
00 0000 00 0 00 0   00  0 0 0 00
00000000000000000000000000000000
00                            00
00                            00
00                            00
00                            00
00 C>C>C>              <C<C<C 00
000000000000        000000000000
00                            00
00 B>                      <B 00
0000000000            0000000000
00                            00
00 A>                      <A 00
00000000                00000000
00                            00
00                            00
000000                    000000
00                            00
00                            00
00000000000000000000000000000000
tileset:13
