00000000000000000000000000000000
00                            00
00                            00
00                            00
00                            00
00                            00
00                            00
00 E>                      <E 00
000000   00000000000000   000000
00             00             00
00             00             00
00 E>          00          <E 00
000000   00000000000000   000000
00                            00
00                            00
00 E>                      <E 00
000000   00000000000000   000000
00             00             00
00             00             00
00             00             00
000000   00000000000000   000000
00                            00
00                            00
00                            00
00000000000000000000000000000000
tileset:28
