00000000000000000000000000000000
00                            00
00                            00
00   B>B>B>          <B<B<B   00
00000000000000    00000000000000
0000000      0    0      0000000
0000000      0    0      0000000
0000000      0    0      0000000
0000000    000    000    0000000
0000000      0    0      0000000
000000000    0    0    000000000
0000000      0    0      0000000
0000000    000    000    0000000
0000000      0    0      0000000
000000000    0    0    000000000
00           0    0           00
00         000    000         00
00           0    0           00
00     00    0    0    00     00
00           0    0           00
00         000    000         00
00                            00
00                            00
00                            00
00000000000000000000000000000000
tileset:44
