00000000000000000000000000000000
00                            00
00                            00
00                            00
00000000                00000000
00                            00
00            0000            00
00                            00
00000                      00000
++                            ++
2+                            +1
++             <Z             ++
00000000      0000      00000000
00                            00
00                            00
00                            00
00000                      00000
++                            ++
4+            0000            +3
++                            ++
00000000                00000000
00                            00
00                            00
00                            00
00000000000000000000000000000000
tileset:71
scheme:autotile
