0000000    0000000000    0000000
00                            00
00                            00
00                            00
00                            00
00   B>                  <B   00
00  00000000        00000000  00
00      0      <B   0         00
00      0     0000000         00
00 B>   0     0     0  B>     00
000000000  0000     0  000000000
000           0              000
000           0000           000
000      B>               <B 000
000000  0000        0000  000000
00         0        0         00
00         0000000  0         00
00         0     0  0         00
00  00000000     0  00000000  00
00               0            00
00            0000            00
00                            00
00                            00
00                            00
0000000    0000000000    0000000
tileset:35
