0000000    0000000000    0000000
00                            00
00                            00
00                            00
00  0  D> D>        <D <D  0  00
00  000000000000000000000000  00
00                            00
00                            00
00                            00
00             <D             00
00         <D      D>         00
00                            00
00                            00
00 B>                      <B 00
0000000  00000000000000  0000000
00                            00
000000000000000  000000000000000
00                            00
0000  00000000000000000000  0000
00                            00
000000000000000  000000000000000
00                            00
00000000000  000000  00000000000
00                            00
0000000    0000000000    0000000
tileset:52
