0000000    0000000000    0000000
00                            00
00  C>    D>    A>            00
00  0  0  0  0  0  0  0  0    00
00                            00
00            <A    <D    <C  00
00    0  0  0  0  0  0  0  0  00
00                            00
00  C>    D>    A>            00
00  0  0  0  0  0  0  0  0    00
00                            00
00                            00
00    0  0  0  0  0  0  0  0  00
00                            00
00                            00
00  0  0  0  0  0  0  0  0    00
00                            00
00                            00
00    0  0  0  0  0  0  0  0  00
00                            00
00                            00
00  0  0  0  0  0  0  0  0    00
00                            00
00                            00
0000000    0000000000    0000000
tileset:45
