000000000    000000    000000000
00                            00
00        <C        C>        00
00        00        00        00
00                            00
00       C>          <C       00
00       000        000       00
00                            00
00      B>            <B      00
00      0000        0000      00
00                            00
00                            00
00     00000        00000     00
00                            00
00                            00
00    000000        000000    00
00                            00
00                            00
00   0000000        0000000   00
00                            00
00           <F  F>           00
00  000000000000000000000000  00
00           000000           00
00           000000           00
000000000    000000    000000000
tileset:58
