00000000000000    00000000000000
00                            00
00                            00
00                            00
00000000000000000000000000000000
00                            00
00                            00
00      G>               <G   00
00000000000000000000000000000000
00                            00
00                            00
00          <G         <G     00
00000000000000000000000000000000
00                            00
00                            00
00      G>      <G            00
00000000000000000000000000000000
00                            00
00                            00
00        <B        B>        00
00000000000000    00000000000000
000  000000000    000000000  000
000  000000000    000000000  000
000  000000000    000000000  000
00000000000000    00000000000000
tileset:10
