000000000    000000    000000000
00                            00
00                            00
00                            00
000000000000        000000000000
000000000000        000000000000
00        00        00        00
00   F>   00        00   <F   00
00                            00
00                            00
00     D>              <D     00
00                            00
00   D>                  <D   00
00       D>          <D       00
00                            00
00                            00
00        00        00        00
00        00        00        00
00   00   00   00   00   00   00
00   00   00   00   00   00   00
00   00        00        00   00
00   00        00        00   00
00                            00
00                            00
000000000    000000    000000000
tileset:45
