00000000000000000000000000000000
00                            00
00        BB        BB        00
00        <B        B>        00
00       0000      0000       00
00                            00
00      BB            BB      00
00      <B            B>      00
00     0000    00    0000     00
00                            00
00    BB                BB    00
00    <B                B>    00
00   0000              0000   00
00                            00
00                            00
00                            00
000000000              000000000
00                            00
00                            00
00                            00
00000000000000000000000000000000
00         0000000000         00
00         0000000000         00
00         0000000000         00
00000000000000000000000000000000
tileset:11
