0000000000000++++++0000000000000
00                            00
00 CC                      CC 00
00 C>                      <C 00
000000000              000000000
00                            00
00 CC                      CC 00
00 C>                      <C 00
000000    000000000000    000000
++                            ++
2+                            +1
++                            ++
000000000    000000    000000000
00                            00
00                            00
00                            00
00           000000           00
00                            00
00                            00
00                            00
00     0000   0000   0000     00
00                            00
00                            00
00                            00
0000000000000++++++0000000000000
tileset:1
