0000000    0000000000    0000000
00                            00
00                            00
00                            00
00   00000000      00000000   00
00             D>             00
00                            00
00 C>                      <C 00
000000      00000000      000000
00      D>            <D      00
00                            00
00                            00
00   00000000      00000000   00
00             <D             00
00                            00
00 C>                      <C 00
000000      00000000      000000
00                            00
00                            00
00                            00
00   00000000      00000000   00
00                            00
00                            00
00                            00
0000000    0000000000    0000000
tileset:14
