0000000000000      0000000000000
00                            00
00           CC  CC           00
00           <C  C>           00
00         0000000000         00
00                            00
00      AA    BBBB    AA      00
00      A>    <BB>    <A      00
00     0000   0000   0000     00
00                            00
00                            00
00                            00
00         0000000000         00
00                            00
00                            00
00                            00
00     0000   0000   0000     00
00                            00
00                            00
00                            00
00         0000000000         00
00                            00
00                            00
00                            00
0000000000000      0000000000000
tileset:7