00000000000000000000000000000000
00                            00
00                            00
00                            00
00  <D    <D        D>    D>  00
00                            00
00     D>    D>  <D    <D     00
00                            00
000  00  00  00  00  00  00  000
000  00  00  00  00  00  00  000
00                            00
00                            00
00000  00  00  00  00  00  00000
00000  00  00  00  00  00  00000
00                            00
00                            00
000  00  00  00  00  00  00  000
000  00  00  00  00  00  00  000
00                            00
00                            00
00000  00  00  00  00  00  00000
00000  00  00  00  00  00  00000
00                            00
00                            00
00000000000000000000000000000000
tileset:22
