00000000000000000000000000000000
00                            00
00                            00
00                            00
00        <C        C>        00
00    00000000000000000000    00
00    0                  0    00
00    0     <C    C>     0    00
00    00000000000000000000    00
00    0    0        0    0    00
00    0    0  <  >  0    0    00
00    00000000000000000000    00
00    0                  0    00
00    0 <C            C> 0    00
00    00000000000000000000    00
00                            00
00                            00
00    00000000000000000000    00
00                            00
00                            00
00000000000000000000000000000000
00                            00
00                            00
00                            00
00000000000000000000000000000000
tileset:5
