000000    000000000000    000000
00                            00
00                            00
00000000000000    00000000000000
00   0                    0   00
00   0                    0   00
000000    000000000000    000000
00     AA              AA     00
00     A>              <A     00
00000000000000    00000000000000
00   0         BB         0   00
00   0         <B         0   00
000000    000000000000    000000
00     AA              AA     00
00     A>              <A     00
00000000000000    00000000000000
00   0         BB         0   00
00   0         B>         0   00
000000    000000000000    000000
00     AA              AA     00
00     A>              <A     00
00000000000000    00000000000000
00   0                    0   00
00   0                    0   00
000000    000000000000    000000
tileset:3
