0000000    0000000000    0000000
00                            00
00                            00
00                            00
00           0 0              00
00            0               00
00        000000000000        00
00       00        0000       00
00       0  0 CC 0  0 0       00
00       0    C>    000       00
00       0   0000   0 0       00
00       00 C>  <C 0000       00
00        000000000000        00
00                            00
00            0000            00
00                            00
00            0000            00
00             <C             00
00            0000            00
00                            00
000000000     0000     000000000
00             C>             00
00            0000            00
00                            00
0000000    0000000000    0000000
tileset:26
