000000    000000000000    000000
00                            00
00                            00
00                            00
00       0   0    0   0       00
00   0   0   0    0   0   0   00
00   0   0   0    0   0   0   00
00   0   0   0    0   0   0   00
00   0   0   0    0   0   0   00
00   0   0   0 <D 0   0   0   00
00   0   0   0    0   0   0   00
00   0   0D> 0    0 <D0   0   00
00   0   0   0 D> 0   0   0   00
00   0   0   0    0   0   0   00
00   0   0D> 0    0 <D0   0   00
00   0   0   0 <D 0   0   0   00
00   0   0   0    0   0   0   00
00   0   0   0    0   0   0   00
00   0   0   0    0   0   0   00
00   0   0   0    0   0   0   00
00       0   0    0   0       00
00                            00
00                            00
00                            00
000000    000000000000    000000
tileset:24
