000000000    000000    000000000
00                            00
00                            00
00                            00
00 EE                      EE 00
00 E>          DD          <E 00
00000000000000 D> 00000000000000
00000000000000 DD 00000000000000
0000000     00 <D 00     0000000
0000000  FF 00 DD 00 FF  0000000
0000000  <F    D>    F>  0000000
0000000                  0000000
0000000  00000000000000  0000000
0000000  00000000000000  0000000
00       00          00       00
00       00          00       00
00   00  00  00  00  00  00   00
00   00  00  00  00  00  00   00
00           00  00           00
00           00  00           00
000000000000000  000000000000000
000000000000000  000000000000000
00     00              00     00
00     00              00     00
000000000    000000    000000000
tileset:30
