00000000    00000000    00000000
00                            00
00                            00
00  C>                    <C  00
00  000                  000  00
00    0                  0    00
00    0        <D        0    00
00    0                  0    00
000   00                00   000
00    0        D>        0    00
00    0                  0    00
00    0                  0    00
000   00                00   000
00    0                  0    00
00    0                  0    00
00    0 C> C>      <C <C 0    00
000   00000000    00000000   000
00    00000000    00000000    00
00    00000000    00000000    00
00    00000000    00000000    00
000   00000000    00000000   000
00    00                00    00
00    00                00    00
00    00                00    00
00000000    00000000    00000000
tileset:34
