00000000000000000000000000000000
00                            00
00                            00
00                            00
000000         AA         000000
00             <A             00
00            0000            00
00                            00
0000                        0000
++                            ++
2+                            +1
++                            ++
000000        0000        000000
00                            00
00                            00
00                            00
0000                        0000
++                            ++
4+            0000            +3
++                            ++
000000                    000000
00                            00
00                            00
00                            00
00000000000000000000000000000000
tileset:38
scheme:autotile
