000000    0000    0000    000000
00                            00
00                            00
00                            00
00 D>  00              00  <D 00
00    0000            0000    00
00   000000          000000   00
00   000000          000000   00
00    0000   <C00C>   0000    00
00     00     0000     00     00
00           000000           00
00          00000000          00
00      <D  00000000  D>      00
00           000000           00
00     00     0000     00     00
00    0000     00     0000    00
00   000000          000000   00
00   000000          000000   00
00    0000            0000    00
00     00              00     00
00                            00
00                            00
00                            00
00                            00
000000    0000    0000    000000
tileset:20
