00000000000000000000000000000000
00                            00
00                            00
00                            00
00       <D<D<  >D>D>D>       00
00                            00
00        0000                00
00                            00
00                0000        00
00                            00
00        0000                00
00                            00
00                0000        00
00                            00
00        0000                00
00                            00
00                0000        00
00                            00
00        0000                00
00                            00
00                0000        00
00                            00
00                            00
00                            00
00000000000000000000000000000000
tileset:31
