0000000000000      0000000000000
00                            00
00                            00
00                            00
00                            00
00                            00
00   0 CC CC CC  CC CC CC 0   00
00   0 <C <C <C  C> C> C> 0   00
00   0000000000000000000000   00
00                            00
00                            00
00                            00
00                            00
00                            00
00      BB  0      0  BB      00
00      <B  0      0  B>      00
0000000000000      0000000000000
00                            00
00                            00
00                            00
00                            00
00                            00
00                            00
00                            00
0000000000000      0000000000000
tileset:9
