0000000    0000000000    0000000
00                            00
00  00  00  00    00  00  00  00
00             <B             00
0000  00  00  0000  00  00  0000
00                            00
00  00  00  00    00  00  00  00
00             B>             00
0000  00  00  0000  00  00  0000
00                            00
00  00  00  00    00  00  00  00
00             <B             00
0000  00  00  0000  00  00  0000
00                            00
00  00  00  00    00  00  00  00
00             B>             00
0000  00  00  0000  00  00  0000
00                            00
00  00  00  00    00  00  00  00
00             <B             00
0000  00  00  0000  00  00  0000
00                            00
00  00  00  00    00  00  00  00
00                            00
0000000    0000000000    0000000
tileset:21
