0000000    0000000000    0000000
00                            00
00                            00
00                            00
00   000  000      000  000   00
00   0      0      0      0   00
00   0 AABB 0      0 BBAA 0   00
00   0 <AB> 0      0 <BA> 0   00
00   00000000      00000000   00
00                            00
00                            00
00                            00
00          000  000          00
00          0      0          00
00   0   CC 0 BBBB 0 CC   0   00
00   0   <C 0 <BB> 0 C>   0   00
00   0000000000000000000000   00
00                            00
00                            00
00                            00
00000000000000    00000000000000
00                            00
00                            00
00                            00
0000000    0000000000    0000000
tileset:39
