00000000    00000000    00000000
00                            00
00                            00
00                            00
00      0000000  0000000      00
00                            00
00          GG    GG          00
00          G>    <G          00
00     0000000    0000000     00
00                            00
00         GG      GG         00
00         G>      <G         00
00    000  0000000000  000    00
00                            00
00                            00
00                            00
00   0000000        0000000   00
00                            00
00                            00
00                            00
00  000  00          00  000  00
00                            00
00                            00
00                            00
00000000    00000000    00000000
tileset:12
