00000000000000000000000000000000
00                            00
00                            00
00  0000      <  >      0000  00
00                            00
00                            00
000000                    000000
00                            00
00                            00
00  0000      <  >      0000  00
00                            00
00                            00
000000                    000000
00                            00
00                            00
00  0000      <  >      0000  00
00                            00
00                            00
000000                    000000
00                            00
00                            00
00  0000                0000  00
00                            00
00                            00
00000000000000000000000000000000
tileset:23
