00000000000000000000000000000000
00                            00
00                            00
00                            00
0000   000000000000000000   0000
0000   0  0   0  0   0  0   0000
0000   0  0BB 0  0 BB0  0   0000
0000   0  0B> 0  0 <B0  0   0000
0000   000000000000000000   0000
++                            ++
4+                            +3
++                            ++
00000000000000000000000000000000
0000   0  0   0  0   0  0   0000
0000 BB0  0 GG0  0GG 0  0BB 0000
0000 B>0  0 G>0  0<G 0  0<B 0000
00000000000000000000000000000000
++                            ++
2+                            +1
++                            ++
0000   000000000000000000   0000
00     000000000000000000     00
00     000000000000000000     00
00     000000000000000000     00
00000000000000000000000000000000
tileset:50
