00000000000000000000000000000000
00                            00
00        CC        CC        00
00        C>        <C        00
00        00        00        00
00         00      00         00
00          00    00          00
00      000          000      00
00      0 0          0 0      00
00       00          00       00
00            0  0            00
00                            00
00     CC     0  0     CC     00
00     C>     0  0     <C     00
00     00              00     00
00      00            00      00
00       00 CC    CC 00       00
00        00C>    <C00        00
00         0000000000         00
00             00             00
00             00             00
00           00  00           00
00                            00
00                            00
00000000000000000000000000000000
tileset:51
