00000000000000000000000000000000
00                            00
00                            00
00                            00
00   00000000  00  00000000   00
00   0                        00
00   0 GG      CC             00
00   0 G>      <C             00
00   0000000  0000  0000000   00
00                        0   00
00             CC      GG 0   00
00             C>      <G 0   00
00   000000  000000  000000   00
00   0                        00
00   0 GG      CC             00
00   0 G>      <C             00
00   00000  00000000  00000   00
00                        0   00
00             CC      GG 0   00
00             C>      <G 0   00
00   0000  0000000000  0000   00
00                            00
00                            00
00                            00
00000000000000000000000000000000
tileset:55
