00000000000000    00000000000000
00                            00
00                            00
00                            00
00        DD   00   DD        00
00        <D        D>        00
00                            00
00                            00
00    0000  00000000  0000    00
00    0                  0    00
00    0   GG        GG   0    00
00    0   G>        <G   0    00
00    0   000000000000   0    00
00    0                  0    00
00    0 BB   CC  CC   BB 0    00
00    0 B>   <C  C>   <B 0    00
00    0000  00000000  0000    00
00                            00
00                            00
00                            00
00             00             00
00                            00
00                            00
00                            00
00000000000000    00000000000000
tileset:48
