0000000    0000000000    0000000
00                            00
00 AA BB GG          GG BB AA 00
00 A> B> G>          <G <B <A 00
00000000000000    00000000000000
00           0    0           00
00           0    0           00
00     DD    0    0    DD     00
00     <D    0    0    D>     00
00           0    0           00
00    DD     0    0     DD    00
00    D>     0    0     <D    00
00                            00
00                            00
00                            00
00  0                      0  00
00  0                      0  00
00  000000000000000000000000  00
00                            00
00                            00
00                            00
00                            00
00                            00
00                            00
0000000    0000000000    0000000
tileset:4
