00000000000000000000000000000000
00                            00
00                            00
00                            00
00   00                  00   00
00                            00
00                   ZZ       00
00                   <Z       00
0000    0000        0000    0000
00                            00
00                            00
00                            00
00   00                  00   00
00                            00
00                            00
00                            00
0000    0000        0000    0000
00                            00
00                            00
00                            00
00   00                  00   00
00                            00
00                            00
00                            00
00000000000000000000000000000000
tileset:61
scheme:autotile
