00000000000000000000000000000000
00                            00
00                            00
00                            00
00                            00
00   0  0  0  0  0  0  0  0   00
00   0  0  0  0  0  0  0  0   00
00   0  0  0  0DD0  0  0  0   00
00          DD D> DD          00
00   0  0DD0D>0  0<D0DD0  0   00
00   0DD0D>0  0  0  0<D0DD0   00
00   0D>0  0  0  0  0  0<D0   00
00                            00
00   0  0  0  0  0  0  0  0   00
00   0  0  0  0  0  0  0  0   00
00   0  0  0  0  0  0  0  0   00
00   0000000000000000000000   00
00            0  0            00
00            0000            00
00            0  0            00
0000000       0000       0000000
00    0       0  0       0    00
00    0       0000       0    00
00                            00
00000000000000000000000000000000
tileset:25
