0000000    0000000000    0000000
00                            00
00                            00
00                            00
00000000000000    00000000000000
00         <H                 00
00         HH                 00
00                            00
00   0000000000000000000000   00
00         00      00         00
00         0  0000  0         00
00         0  0000  0         00
00000000   0000    00   00000000
00         0000000000         00
00         0000  0000         00
00         0000  0000         00
00   0000000000000000000000   00
00                            00
00                            00
00                            00
00000000000000    00000000000000
00                            00
00                            00
00                            00
0000000    0000000000    0000000
tileset:59