00000000    00000000    00000000
00                            00
00                            00
00  DD                    DD  00
00  D>       000000       <D  00
00         00      00         00
00  DD    0          0    DD  00
00  D>   0  CC    CC  0   <D  00
00       0  <C    C>  0       00
00      0   000  000   0      00
00      0              0      00
00      0              0      00
00      0      00      0      00
00      0  0        0  0      00
00      0  00      00  0      00
00       0  00000000  0       00
00       0   000000   0       00
00        0  CC  CC  0        00
00         00C>  <C00         00
00           000000           00
00                            00
00                            00
00             00             00
00                            00
00000000    00000000    00000000
tileset:40
