00000000000000000000000000000000
00 HH                         00
00 H>                      CC 00
00                         <C 00
00   000000000000000   000000000
00                         HH 00
00 CC                      <H 00
00 C>                         00
000000000   000000000000000   00
00 HH                         00
00 H>                      CC 00
00                         <C 00
00   000000000000000   000000000
00                         HH 00
00                         <H 00
00                            00
000000000   000000000000000   00
00                            00
00                            00
00                            00
00   000000000000000   000000000
00                            00
00                            00
00                            00
00000000000000000000000000000000
tileset:43
