00000000000000000000000000000000
00                            00
00        D>    D>            00
00  0  0  0  0  0  0  0  0  0000
00                            00
00C>          <D    <D        00
0000  0  0  0  0  0  0  0  0  00
00                            00
00        D>    D>          <C00
00  0  0  0  0  0  0  0  0  0000
00                            00
00                            00
0000  0  0  0  0  0  0  0  0  00
00                            00
00                            00
00  0  0  0  0  0  0  0  0  0000
00                            00
00                            00
0000  0  0  0  0  0  0  0  0  00
00                            00
00                            00
00  0  0  0  0  0  0  0  0  0000
00                            00
00                            00
00000000000000000000000000000000
tileset:66
