00000000000000000000000000000000
00                            00
00                            00
00                            00
00                            00
00                            00
00                            00
00                            00
00                            00
00                            00
00                            00
00                            00
00                            00
00                            00
00                            00
00                            00
00                            00
00                            00
00                            00
00                            00
00                            00
00                            00
00                            00
00                            00
00000000000000000000000000000000
tileset:49
