00000000000000000000000000000000
00                            00
00 AA                         00
00 A>                         00
00000000    00000000000000000000
00                            00
00                         BB 00
00                         <B 00
00000000000000000000    00000000
00                            00
00 AA                         00
00 A>                         00
00000000    00000000000000000000
00                            00
00                         BB 00
00                         <B 00
00000000000000000000    00000000
00                            00
00                            00
00                            00
00000000    00000000000000000000
00                            00
00                            00
00                            00
00000000000000000000000000000000
tileset:2
