0000000000000      0000000000000
00                            00
00         CC      CC         00
00         <C      C>         00
00   0000000000000000000000   00
00                            00
00  CC                    CC  00
00  C>                    <C  00
00000000      0000      00000000
00                            00
00                            00
00                            00
00    00000000000000000000    00
00                            00
00                            00
00                            00
00000000      0000      00000000
00                            00
00                            00
00                            00
000000                    000000
00                            00
00                            00
00                            00
0000000000000      0000000000000
tileset:18