00000000000000000000000000000000
00                            00
00                            00
00                            00
00    00000000000000000000    00
00    000   00    00   000    00
00          00    00          00
00  DD      00    00          00
00  D>      00000000      DD  00
00     DD   00    00  DD  <D  00
00     D>   00    00  <D      00
00          00    00          00
00    DD    00000000     DD   00
00    D>    00    00     <D   00
00          00    00          00
00          00    00          00
000000000   00000000   000000000
000000000   00    00   000000000
00          00    00          00
00          00    00          00
00          00000000          00
00                            00
00                            00
00                            00
00000000000000000000000000000000
tileset:10
