00000000000000000000000000000000
00                            00
00                            00
00       CC  CC  CC  CC       00
00       <C  <C  C>  C>       00
00    00000000000000000000    00
00    0                  0    00
00    0                  0    00
00    00000000000000000000    00
00    0                  0    00
00    0                  0    00
00    00000000000000000000    00
00    0                  0    00
00    0                  0    00
00    00000000000000000000    00
00                            00
00                            00
00    00000000000000000000    00
00                            00
00                            00
00000000000000000000000000000000
00                            00
00                            00
00                            00
00000000000000000000000000000000
tileset:5
