000000000000000000000    0000000
00                  0    0    00
00                  0    0    00
00                  0    0    00
00                  0 DD 0    00
00                  0 D> 0    00
00                  0    0    00
00                  0    0    00
00                  0    0    00
00                  0    0    00
00                  000000    00
00                  0    0    00
00                  0    0    00
00                  0    0    00
00                  0    0    00
00                  0    0    00
00                  0    0    00
00                  0    0    00
000                 0    0    00
00 0           00   0    0    00
00  00              0    0    00
00       00         0    0    00
00                  0    0    00
00       00         0    0    00
000000000000000000000    0000000
tileset:13
