0000000    0000000000    0000000
00                            00
00  0                      0  00
00  000000000000000000000000  00
00                            00
00  0                      0  00
00  000000000000000000000000  00
00             BB GG          00
00  0          <B G>       0  00
00  000000000000000000000000  00
00             AA             00
00  0          <A          0  00
00  000000000000000000000000  00
00          GG BB             00
00  0       <G B>          0  00
00  000000000000000000000000  00
00             AA             00
00  0          A>          0  00
00  000000000000000000000000  00
00                            00
00                            00
00                            00
00                            00
00                            00
0000000    0000000000    0000000
tileset:65
